,City,Lat,Lng,Max Temp,Humidity,Cloudiness,Wind Speed,Country,Date
0,Yellowknife,62.46,-114.35,-1.0,54,75,5.7,CA,1589692009
1,Saint George,37.1,-113.58,26.0,19,1,2.1,US,1589692092
2,Hualmay,-11.1,-77.61,18.03,83,25,2.93,PE,1589692541
4,Vaini,-21.2,-175.2,26.0,74,75,2.1,TO,1589692064
5,Tomigusuku,26.18,127.67,30.0,83,75,5.1,JP,1589692541
6,College,64.86,-147.8,11.0,27,20,6.7,US,1589692077
7,Juneau,58.3,-134.42,17.0,45,20,4.6,US,1589692432
8,Mar del Plata,-38.0,-57.56,15.56,71,64,3.35,AR,1589691967
9,Ushuaia,-54.8,-68.3,6.0,81,75,4.1,AR,1589692075
10,Constitución,-35.33,-72.42,14.75,82,1,3.14,CL,1589692122
11,Qaanaaq,77.48,-69.36,-5.74,86,0,1.32,GL,1589692071
12,Togur,58.36,82.83,19.56,42,25,2.29,RU,1589692543
13,Saskylakh,71.92,114.08,1.06,97,75,2.55,RU,1589692091
14,Darhan,49.49,105.92,13.59,36,2,3.23,MN,1589692543
15,Port Alfred,-33.59,26.89,14.44,59,33,3.28,ZA,1589692083
16,Port Elizabeth,-33.92,25.57,8.0,93,1,2.1,ZA,1589692083
17,Podor,16.65,-14.96,26.1,23,0,5.14,MR,1589692544
18,Takoradze,4.88,-1.76,26.83,87,7,2.36,GH,1589692073
19,Atar,20.52,-13.05,22.01,22,0,3.96,MR,1589692544
20,Hermanus,-34.42,19.23,12.78,81,72,1.97,ZA,1589691764
21,Saint-Philippe,-21.36,55.77,25.0,65,8,1.5,RE,1589692066
22,George Town,5.41,100.34,26.0,94,40,6.7,MY,1589692064
23,Ati,13.22,18.34,28.05,13,44,3.73,TD,1589692545
24,Mataura,-46.19,168.86,9.1,86,0,0.54,NZ,1589692075
25,Umluj,25.02,37.27,32.73,35,0,2.63,SA,1589692120
26,Zhezkazgan,47.8,67.71,20.0,56,75,6.0,KZ,1589692546
27,Jacareacanga,-6.22,-57.75,23.01,97,17,0.11,BR,1589692546
28,Barrow,71.29,-156.79,-3.0,73,90,4.6,US,1589691846
29,Turukhansk,65.82,87.98,7.42,88,100,3.98,RU,1589692546
30,Punta Arenas,-53.15,-70.92,3.89,93,75,4.6,CL,1589692078
31,Qui Nhon,13.77,109.23,31.27,64,11,8.18,VN,1589691904
32,Castro,-24.79,-50.01,9.33,59,0,0.43,BR,1589692088
33,Upernavik,72.79,-56.15,-2.16,97,5,2.49,GL,1589692086
34,Bluff,-46.6,168.33,11.51,86,7,3.48,NZ,1589692071
35,Hamilton,39.18,-84.53,21.11,93,90,1.5,US,1589691943
36,Albany,42.6,-73.97,13.33,86,91,1.74,US,1589692021
37,Rikitea,-23.12,-134.97,25.17,85,100,4.44,PF,1589692067
38,Sioux Lookout,50.1,-91.92,11.0,71,75,3.1,CA,1589692394
39,Peñón Blanco,24.79,-104.04,22.21,21,0,1.54,MX,1589692548
40,Busselton,-33.65,115.33,19.44,43,100,4.08,AU,1589692066
41,Hilo,19.73,-155.09,27.0,65,90,4.6,US,1589691842
42,Bongandanga,1.5,21.05,22.64,93,78,1.27,CD,1589692549
43,Kahului,20.89,-156.47,28.0,61,40,9.8,US,1589692081
44,Chokurdakh,70.63,147.92,0.13,97,0,4.36,RU,1589692073
45,New Norfolk,-42.78,147.06,16.11,68,21,0.89,AU,1589692077
46,Puerto Ayora,-0.74,-90.35,24.44,91,41,1.34,EC,1589692072
47,Tasiilaq,65.61,-37.64,3.0,55,49,7.7,GL,1589692140
48,Bredasdorp,-34.53,20.04,6.0,87,63,2.6,ZA,1589692067
49,Khātegaon,22.6,76.92,41.02,12,0,3.94,IN,1589692550
50,Vytegra,61.01,36.45,4.17,83,44,4.96,RU,1589692550
51,Tuktoyaktuk,69.45,-133.04,-5.0,92,90,7.2,CA,1589692094
52,Butaritari,3.07,172.79,28.92,78,13,6.93,KI,1589692088
53,Bereket,39.24,55.52,28.83,18,17,4.1,TM,1589692323
54,Thompson,55.74,-97.86,9.0,39,75,2.6,CA,1589692104
55,Katsuura,35.13,140.3,27.78,69,34,1.79,JP,1589692116
56,Hobart,-42.88,147.33,16.67,67,20,4.6,AU,1589691927
57,Kruisfontein,-34.0,24.73,10.15,46,0,2.01,ZA,1589692079
58,Norrtälje,59.76,18.7,8.33,71,82,4.92,SE,1589692553
59,Nikolskoye,59.7,30.79,6.11,80,40,5.0,RU,1589692083
60,Zhigansk,66.77,123.37,9.18,71,97,4.89,RU,1589692553
61,Acajutla,13.59,-89.83,22.22,95,33,2.75,SV,1589692553
62,Andros Town,24.7,-77.77,26.0,94,3,3.6,BS,1589692553
63,Bairiki Village,1.33,172.98,28.0,83,75,3.1,KI,1589692554
64,Lundazi,-12.29,33.18,14.34,76,0,5.21,ZM,1589692554
65,Pangnirtung,66.15,-65.71,-3.46,87,29,1.18,CA,1589692100
66,Tura,25.52,90.22,31.09,59,0,2.86,IN,1589692116
67,Hong Kong,22.29,114.16,31.11,58,3,4.47,HK,1589692130
68,Portland,45.52,-122.68,14.0,87,90,2.6,US,1589692380
69,Nome,64.5,-165.41,12.0,50,90,1.5,US,1589692105
70,Ébolowa,2.9,11.15,21.57,96,100,0.64,CM,1589692555
71,Hithadhoo,-0.6,73.08,29.65,75,100,10.17,MV,1589692084
74,Waingapu,-9.66,120.26,29.99,68,29,7.65,ID,1589692176
75,Samarai,-10.62,150.67,26.96,81,100,6.58,PG,1589692123
76,Bathsheba,13.22,-59.52,27.0,78,20,9.8,BB,1589692104
77,Kapaa,22.08,-159.32,25.0,78,40,5.7,US,1589692081
78,Paso de los Toros,-32.82,-56.52,13.22,85,0,4.26,UY,1589692557
79,Lebu,-37.62,-73.65,13.49,96,85,2.14,CL,1589692076
80,Ahipara,-35.17,173.17,15.69,79,87,3.97,NZ,1589692115
81,Fassuta,33.05,35.31,33.89,47,59,1.5,IL,1589692557
82,Frontera,26.93,-101.45,24.2,48,56,0.56,MX,1589692355
83,Cidreira,-30.18,-50.21,16.16,69,0,5.89,BR,1589692071
84,Roblin,51.23,-101.36,10.41,73,0,4.34,CA,1589692558
85,Sorrento,40.63,14.37,23.33,49,100,1.5,IT,1589692558
86,Salalah,17.02,54.09,31.0,74,20,0.5,OM,1589692113
87,Felanitx,39.47,3.15,16.67,93,75,0.5,ES,1589692559
88,Oddur,4.12,43.89,24.31,69,0,8.26,SO,1589692147
89,Jamestown,42.1,-79.24,12.22,76,1,4.6,US,1589691787
90,Caravelas,-17.71,-39.25,22.5,92,99,3.8,BR,1589692075
91,Abay,49.63,72.85,23.0,40,82,4.0,KZ,1589692559
92,Mangan,27.52,88.53,29.12,37,36,2.88,IN,1589692560
93,Bethel,41.37,-73.41,12.22,81,90,4.6,US,1589692088
94,Souillac,-20.52,57.52,24.0,83,40,3.1,MU,1589692143
95,Kasongo-Lunda,-6.47,16.82,19.05,73,1,0.92,CD,1589692560
96,Vuktyl,63.86,57.31,9.74,58,86,2.83,RU,1589692561
97,Claveria,18.61,121.08,31.75,58,1,1.96,PH,1589692561
98,Iquique,-20.22,-70.14,18.0,68,90,1.5,CL,1589692561
99,Manadhoo,5.77,73.38,29.85,75,97,8.43,MV,1589692561
100,Avarua,-21.21,-159.78,27.0,65,40,7.2,CK,1589692084
101,Japura,-0.32,102.35,32.79,59,66,1.22,ID,1589692562
102,Kasongo,-4.45,26.67,21.27,95,62,1.31,CD,1589692562
103,Gachsaran,30.36,50.8,30.0,30,76,0.5,IR,1589692334
104,Khatanga,71.97,102.5,7.01,70,42,7.45,RU,1589692067
105,Wuwei,37.93,102.64,22.74,19,0,4.17,CN,1589692563
106,San Cristobal,7.77,-72.22,19.22,85,93,1.89,VE,1589692070
107,Pacific Grove,36.62,-121.92,17.0,72,1,2.1,US,1589692556
108,Saint Paul Harbor,57.79,-152.41,11.0,71,1,2.1,US,1589692077
109,Key West,24.56,-81.78,27.0,78,1,1.5,US,1589692563
110,Ribeira Grande,38.52,-28.7,16.73,83,52,4.38,PT,1589692069
111,Goryachegorsk,55.41,88.92,20.25,42,51,4.49,RU,1589692564
112,Bukama,-9.2,25.85,19.67,66,15,0.54,CD,1589692564
113,Arraial do Cabo,-22.97,-42.03,22.2,83,37,5.03,BR,1589692074
114,Chumikan,54.72,135.31,4.12,77,86,4.25,RU,1589692564
115,São Filipe,14.9,-24.5,22.27,81,23,3.94,CV,1589692080
116,Nizhniy Kuranakh,58.84,125.49,17.44,40,100,2.83,RU,1589692565
117,Leningradskiy,69.38,178.42,-1.67,96,96,2.93,RU,1589692135
118,Teopantlán,18.72,-98.27,21.11,58,4,1.34,MX,1589692565
119,Galesong,-5.32,119.37,30.7,69,76,2.6,ID,1589692565
120,Esperance,-33.87,121.9,19.0,55,100,5.7,AU,1589692126
122,Pisco,-13.7,-76.22,16.0,87,0,2.1,PE,1589692096
123,Wuchang,44.91,127.15,15.05,87,100,3.24,CN,1589692566
124,Fuyu,45.18,124.82,15.95,82,100,5.51,CN,1589692548
125,Itarema,-2.92,-39.92,24.35,92,98,2.77,BR,1589692566
126,Tiarei,-17.53,-149.33,28.0,74,75,3.1,PF,1589692294
127,Ketchikan,55.34,-131.65,15.0,58,1,6.7,US,1589691885
128,Ol'ga,43.74,135.29,8.19,72,100,4.99,RU,1589692567
129,Cabra,37.47,-4.44,12.22,79,5,0.75,ES,1589692567
130,Kaka,37.35,59.61,26.67,23,33,2.01,TM,1589692567
131,Estelle,29.85,-90.11,25.0,94,75,6.7,US,1589692568
132,Provideniya,64.38,-173.3,4.26,68,100,2.26,RU,1589692079
133,Dingle,11.0,122.67,33.15,58,42,3.05,PH,1589692141
134,East London,-33.02,27.91,12.0,62,34,1.5,ZA,1589692064
135,Rocha,-34.48,-54.33,17.86,62,0,6.0,UY,1589692568
136,Mwinilunga,-11.74,24.43,13.37,66,0,2.29,ZM,1589692568
137,San Juan,-31.54,-68.54,15.18,35,0,0.25,AR,1589692087
138,Khuzhir,53.19,107.34,5.28,66,100,0.57,RU,1589692569
139,Norman Wells,65.28,-126.83,-1.0,58,90,4.6,CA,1589692069
140,Marsá Maţrūḩ,31.35,27.25,20.0,88,0,3.59,EG,1589692569
141,Udachny,66.42,112.4,11.0,43,100,1.0,RU,1589692569
142,Oistins,13.07,-59.53,27.0,78,20,9.8,BB,1589692570
143,Yantal',56.85,105.25,19.25,25,68,0.5,RU,1589692570
144,Ostrovnoy,68.05,39.51,0.53,95,97,2.31,RU,1589692081
145,Kholtoson,50.3,103.31,15.37,34,68,2.37,RU,1589692570
146,Hasaki,35.73,140.83,30.0,61,20,2.1,JP,1589692087
147,Igunga,-4.28,33.88,19.14,83,3,3.68,TZ,1589692570
149,Pangai,-19.8,-174.35,24.93,64,93,3.18,TO,1589692571
150,Atuona,-9.8,-139.03,27.13,75,6,7.09,PF,1589692092
151,Airai,-8.93,125.41,20.78,96,56,1.88,TL,1589692106
152,Menomonie,44.88,-91.92,12.22,81,90,3.6,US,1589692571
153,Bengkulu,-3.8,102.27,31.15,62,100,2.88,ID,1589692134
154,Talnakh,69.49,88.4,4.0,86,75,8.0,RU,1589692119
155,Lavrentiya,65.58,-171.0,-0.83,96,44,3.57,RU,1589692133
156,Chino Valley,34.76,-112.45,19.0,25,1,3.6,US,1589692572
157,Palmer,42.16,-72.33,13.0,71,1,2.6,US,1589692151
158,Tiksi,71.69,128.87,-1.78,98,100,4.06,RU,1589692573
159,Lagoa,39.05,-27.98,16.62,84,63,6.02,PT,1589692071
160,Shizunai-furukawachō,42.33,142.37,14.62,77,82,4.61,JP,1589692573
161,Brazzaville,-4.27,15.28,26.0,83,0,0.55,CG,1589692574
162,Bubaque,11.28,-15.83,26.48,68,29,3.78,GW,1589692574
163,Anchorage,61.22,-149.9,12.22,57,1,2.6,US,1589692552
164,Boden,65.83,21.69,3.0,69,61,3.1,SE,1589692089
165,Cherskiy,68.75,161.3,11.31,42,0,5.7,RU,1589692077
166,Gunjur,13.2,-16.73,22.74,71,0,3.36,GM,1589692575
167,Grand Gaube,-20.01,57.66,25.0,77,1,1.34,MU,1589692105
168,Lorengau,-2.02,147.27,30.08,72,11,4.01,PG,1589692108
169,Ishigaki,24.34,124.16,29.0,89,75,5.1,JP,1589692575
170,Kavaratti,10.57,72.64,31.0,74,90,5.1,IN,1589692101
171,Cayenne,4.93,-52.33,26.0,83,90,1.5,GF,1589692576
172,Pacifica,37.61,-122.49,16.67,93,90,4.1,US,1589692187
173,Faanui,-16.48,-151.75,27.81,73,72,1.9,PF,1589692125
174,Shelbyville,35.48,-86.46,20.0,77,1,1.5,US,1589692530
175,Los Llanos de Aridane,28.66,-17.92,18.0,52,90,3.1,ES,1589692147
176,Moose Factory,51.26,-80.61,-4.0,92,1,2.1,CA,1589692078
177,Leh,34.17,77.58,7.82,44,3,1.41,IN,1589692164
178,Cockburn Town,21.46,-71.14,27.07,82,10,10.16,TC,1589692161
179,Yarkovo,57.4,67.08,15.38,72,85,1.93,RU,1589692578
180,Codrington,-38.27,141.97,16.35,48,2,0.26,AU,1589692153
181,Mayumba,-3.43,10.66,25.35,91,95,1.89,GA,1589692129
182,Pecos,31.42,-103.49,24.0,47,1,6.7,US,1589692579
183,Saldanha,-33.01,17.94,9.0,76,1,1.0,ZA,1589692117
184,Pochutla,15.74,-96.47,27.78,82,38,2.25,MX,1589692579
185,Iracoubo,5.48,-53.2,25.16,83,98,4.93,GF,1589692579
186,Obo,5.4,26.49,21.71,92,77,0.57,CF,1589692160
187,Kuchinda,21.73,84.35,34.0,52,96,2.12,IN,1589692580
188,Lüderitz,-26.65,15.16,20.0,30,0,2.47,NA,1589692093
189,Ulladulla,-35.35,150.47,20.0,56,1,1.5,AU,1589692160
190,Yulara,-25.24,130.99,21.0,19,0,4.6,AU,1589692148
191,Chui,-33.7,-53.46,15.99,75,0,5.34,UY,1589692063
192,Gandara,12.01,124.81,31.64,69,96,2.13,PH,1589692581
193,Kumul,42.8,93.45,32.65,12,98,0.99,CN,1589692127
194,Pevek,69.7,170.31,1.52,89,0,2.12,RU,1589692139
195,Tuatapere,-46.13,167.68,10.67,79,0,0.19,NZ,1589692094
196,Dikson,73.51,80.55,-0.11,98,19,5.83,RU,1589692095
197,Teshie,5.58,-0.11,27.0,94,32,3.6,GH,1589692582
198,Tehachapi,35.13,-118.45,14.44,66,1,3.1,US,1589692583
199,Ukrayinka,47.92,35.35,13.89,81,20,2.0,UA,1589692583
200,Vao,-22.67,167.48,22.2,79,100,7.6,NC,1589692145
201,Haines Junction,60.75,-137.51,10.91,62,99,1.61,CA,1589692175
202,Brăeşti,47.15,27.1,13.0,71,20,4.1,RO,1589692583
203,Lábrea,-7.26,-64.8,24.29,86,100,0.68,BR,1589692583
204,Esil,51.96,66.4,19.23,57,52,6.75,KZ,1589692584
205,Longyearbyen,78.22,15.64,1.0,74,4,6.2,SJ,1589692074
206,Indramayu,-6.33,108.32,31.06,63,5,2.54,ID,1589692584
207,Bambous Virieux,-20.34,57.76,25.0,83,40,3.1,MU,1589692130
208,Karratha,-20.74,116.85,29.36,14,59,7.7,AU,1589692157
209,Kiryat Gat,31.61,34.76,34.44,23,26,3.13,IL,1589691892
210,Bălţi,47.76,27.93,12.78,75,100,2.68,MD,1589692585
211,Visnes,59.36,5.22,6.0,81,100,7.2,NO,1589692585
212,Wurzburg,49.79,9.94,8.0,65,20,2.1,DE,1589692585
213,Port Hedland,-20.32,118.57,32.0,11,24,7.2,AU,1589692586
214,Narsaq,60.92,-46.05,8.0,26,100,7.7,GL,1589692099
215,Voskresenskoye,56.84,45.43,11.21,63,4,3.9,RU,1589692586
216,Kysyl-Syr,63.9,122.76,17.0,56,99,2.38,RU,1589692586
217,Senanga,-16.12,23.27,12.69,52,0,2.31,ZM,1589692586
218,Santa Maria,-29.68,-53.81,12.23,73,0,2.08,BR,1589692587
219,Arrondissement de Rochefort,45.92,-1.0,9.0,87,0,3.6,FR,1589692587
220,Port Moresby,-9.44,147.18,28.96,71,0,8.03,PG,1589692587
221,Tazovsky,67.47,78.7,2.9,95,100,3.53,RU,1589692587
222,Praia da Vitória,38.73,-27.07,17.0,93,40,3.39,PT,1589692188
223,Kavieng,-2.57,150.8,30.03,70,7,4.8,PG,1589692079
224,Santa Cruz de la Sierra,-17.8,-63.17,17.0,82,0,2.1,BO,1589692588
225,Wilmington Island,32.0,-80.97,23.33,83,1,2.6,US,1589692103
226,São João da Barra,-21.64,-41.05,20.88,87,100,1.49,BR,1589692072
227,Usinsk,65.99,57.53,6.11,59,94,3.35,RU,1589692153
228,Ouésso,1.61,16.05,22.54,91,23,0.85,CG,1589692589
229,Rovaniemi,66.5,25.72,3.0,69,62,3.1,FI,1589692589
230,Broome,42.25,-75.83,10.0,81,1,2.6,US,1589692590
231,Sawtell,-30.38,153.1,17.78,88,75,7.2,AU,1589692590
232,Ponta do Sol,32.67,-17.1,17.0,55,75,1.5,PT,1589692073
233,Plettenberg Bay,-34.05,23.37,14.88,39,0,1.54,ZA,1589692168
234,Chicama,-7.84,-79.15,20.33,78,26,2.34,PE,1589692591
235,Urazovka,55.4,45.62,10.58,75,4,4.7,RU,1589692591
236,Hofn,64.25,-15.21,3.62,72,99,5.74,IS,1589692112
237,Hare Bay,48.85,-54.01,0.0,94,90,5.1,CA,1589692591
238,Bria,6.54,21.99,22.33,92,100,0.8,CF,1589692592
239,Kidal,18.44,1.41,28.94,15,5,8.27,ML,1589692099
240,Ponta Delgada,37.73,-25.67,17.0,93,75,1.5,PT,1589692592
241,Pathein,16.78,94.73,37.77,36,38,2.1,MM,1589692592
242,Cabo San Lucas,22.89,-109.91,23.33,52,0,0.45,MX,1589692086
243,Kyren,51.68,102.14,17.96,31,100,1.59,RU,1589692593
244,Jieshi,22.81,115.83,28.38,72,30,4.54,CN,1589692593
245,Lompoc,34.64,-120.46,14.0,87,1,4.1,US,1589691904
246,Palencia,42.42,-4.5,3.89,97,3,0.89,ES,1589692593
247,Dera Bugti,29.03,69.15,34.49,9,37,6.34,PK,1589692593
248,Ankang,32.68,109.02,33.25,30,47,2.41,CN,1589692594
249,Yar-Sale,66.83,70.83,2.55,94,99,3.1,RU,1589692076
250,Hobyo,5.35,48.53,29.34,64,0,11.04,SO,1589692594
251,Klaksvík,62.23,-6.59,4.0,75,100,5.1,FO,1589692092
252,Redcar,54.62,-1.06,10.56,79,96,2.68,GB,1589692595
253,Rio Grande,-32.03,-52.1,16.67,68,0,6.22,BR,1589692158
254,Panguna,-6.32,155.48,24.89,93,59,0.72,PG,1589692595
255,San Rafael del Sur,11.85,-86.44,27.84,78,96,1.37,NI,1589692595
256,Saint-Augustin,51.23,-58.65,0.58,93,34,1.23,CA,1589692595
257,Redlands,34.06,-117.18,22.0,53,1,3.1,US,1589692333
258,Bata,1.86,9.77,25.79,86,99,1.86,GQ,1589692384
259,Alyangula,-13.85,136.42,31.0,43,40,4.1,AU,1589692596
260,Grevená,40.08,21.43,17.0,63,40,0.33,GR,1589692596
261,Clyde River,70.47,-68.59,-10.0,85,1,2.6,CA,1589692180
262,Iskateley,67.68,53.15,7.15,70,100,2.23,RU,1589692596
263,Porto Velho,-8.76,-63.9,24.0,94,100,0.8,BR,1589692597
264,Porto-Novo,6.5,2.6,27.08,86,47,2.75,BJ,1589692100
265,Micheweni,-4.97,39.83,26.92,75,2,6.4,TZ,1589692597
266,Iqaluit,63.75,-68.51,-2.0,86,40,1.0,CA,1589692074
267,Northam,51.03,-4.22,11.11,93,71,1.79,GB,1589692597
268,Shreveport,32.53,-93.75,22.0,83,90,6.2,US,1589692598
269,Buraidah,26.33,43.98,26.0,34,0,2.1,SA,1589691953
270,Lakselv,70.05,24.97,2.0,90,100,5.1,NO,1589692598
271,Falun,60.6,15.63,5.56,64,16,4.1,SE,1589692598
272,Lagos,6.58,3.75,28.0,88,20,0.65,NG,1589691828
273,Tchibanga,-2.85,11.03,22.79,99,94,0.14,GA,1589692599
274,Peniche,39.36,-9.38,14.44,90,0,2.5,PT,1589692599
275,Mackay,-21.15,149.2,24.0,69,90,8.7,AU,1589692599
276,Ilulissat,69.22,-51.1,-1.0,92,0,2.1,GL,1589692084
277,Ciudad del Carmen,18.63,-91.83,29.97,71,0,5.28,MX,1589692599
278,Shache,38.42,77.24,25.68,21,85,5.42,CN,1589692600
279,Mogocha,53.73,119.77,13.27,46,94,2.82,RU,1589692600
280,Schüttorf,52.32,7.23,6.11,78,1,2.83,DE,1589692600
281,Santa Isabel,-23.32,-46.22,12.0,93,6,0.28,BR,1589692600
282,Batemans Bay,-35.72,150.18,18.89,64,0,2.81,AU,1589692600
283,Kaitangata,-46.28,169.85,11.67,70,0,1.31,NZ,1589692103
284,Kingsport,36.55,-82.56,17.78,77,1,1.39,US,1589692601
285,Yushala,57.08,64.26,12.0,81,40,2.0,RU,1589692601
286,Philadelphia,39.95,-75.16,18.33,63,40,2.6,US,1589692551
287,Thinadhoo,0.53,72.93,29.76,77,89,9.27,MV,1589692602
288,Warud,21.47,78.27,40.37,18,62,1.05,IN,1589692602
289,Grua,60.27,10.67,5.0,44,10,2.6,NO,1589692602
290,Nagorsk,59.32,50.81,10.18,58,0,3.01,RU,1589692603
291,Slavičín,49.09,17.87,8.33,87,100,0.79,CZ,1589692603
292,Mozarlândia,-14.74,-50.57,21.36,86,75,2.05,BR,1589692603
293,Muzhi,65.37,64.67,7.56,64,61,2.7,RU,1589692603
294,Ziarat,30.38,67.73,15.77,29,0,7.06,PK,1589692603
295,Poum,-20.23,164.02,24.31,75,27,5.17,NC,1589692604
296,Pilar do Sul,-23.81,-47.72,12.62,88,0,1.03,BR,1589692604
297,Nantucket,41.28,-70.1,8.89,87,1,4.1,US,1589692604
298,Wahiawā,21.5,-158.02,27.0,57,1,4.6,US,1589692604
299,Sakakah,29.97,40.21,25.0,31,0,3.26,SA,1589692605
300,San Patricio,19.22,-104.7,21.37,71,12,2.13,MX,1589692089
301,Ituporanga,-27.41,-49.6,11.67,97,0,0.89,BR,1589692605
302,Nanortalik,60.14,-45.24,4.02,74,100,3.2,GL,1589692080
303,Te Anau,-45.42,167.72,9.47,71,0,0.31,NZ,1589692064
304,Srednekolymsk,67.45,153.68,14.54,35,63,5.94,RU,1589692109
305,Richards Bay,-28.78,32.04,15.32,81,0,3.69,ZA,1589692606
306,Noumea,-22.28,166.46,25.0,65,20,7.2,NC,1589692343
307,Grindavik,63.84,-22.43,3.0,69,40,4.6,IS,1589692078
308,Ilanskiy,56.24,96.06,21.33,48,39,5.97,RU,1589692607
309,Hirara,24.8,125.28,29.0,79,75,8.2,JP,1589692096
310,Vila,42.03,-8.16,9.44,90,3,1.75,PT,1589692607
311,Tegul'det,57.31,88.17,19.57,40,25,4.25,RU,1589692131
312,Pattaya,12.93,100.88,34.44,59,20,6.2,TH,1589692608
313,Kalmunai,7.42,81.82,31.72,62,98,2.77,LK,1589692124
314,Sitka,57.05,-135.33,16.0,55,20,7.2,US,1589692162
315,Mitsamiouli,-11.38,43.28,26.36,68,1,6.67,KM,1589692097
316,Wagga Wagga,-35.12,147.37,18.0,48,0,4.1,AU,1589692609
317,El Alto,-4.27,-81.21,21.56,75,7,6.68,PE,1589692609
318,Alofi,-19.06,-169.92,27.0,74,100,2.6,NU,1589692609
319,Tautira,-17.73,-149.15,28.0,74,75,3.1,PF,1589692143
320,Husavik,66.04,-17.34,3.0,87,90,5.1,IS,1589692154
321,Kodinsk,58.69,99.18,16.12,34,100,4.8,RU,1589692610
322,Zhangaözen,43.3,52.8,18.93,70,67,10.72,KZ,1589692610
323,Rosita,13.93,-84.4,23.09,97,42,0.08,NI,1589692610
324,Paita,-5.09,-81.11,20.74,79,0,4.76,PE,1589692611
325,Dunedin,-45.87,170.5,12.22,70,0,1.52,NZ,1589692079
326,Naantali,60.47,22.02,4.0,86,54,2.1,FI,1589692611
327,Aulla,44.21,9.97,18.89,69,45,1.34,IT,1589692611
328,Sălaşu de Sus,45.52,22.95,16.67,66,98,1.98,RO,1589692611
329,Auchel,50.5,2.47,7.78,97,4,3.01,FR,1589692612
330,Aklavik,68.22,-135.01,-4.0,85,75,3.6,CA,1589692135
331,Poshekhon'ye,58.5,39.14,5.99,86,100,5.42,RU,1589692612
332,Trofors,65.53,13.41,6.0,56,16,3.6,NO,1589692612
333,Cheyenne,41.14,-104.82,8.0,65,1,2.1,US,1589692612
334,Lake Havasu City,34.48,-114.32,30.56,16,1,3.6,US,1589692478
335,Churapcha,62.0,132.43,17.33,38,9,2.89,RU,1589692613
336,Olinda,-8.01,-34.86,25.0,88,40,1.0,BR,1589692613
337,Beringovskiy,63.05,179.32,-0.12,96,99,6.02,RU,1589692132
339,Ayagoz,47.97,80.44,22.86,32,74,2.73,KZ,1589692614
340,Raja,8.46,25.68,24.41,77,55,2.26,SS,1589692119
341,Guerrero Negro,27.98,-114.06,17.17,82,0,3.93,MX,1589691949
342,Marion,39.77,-86.16,20.56,82,90,3.6,US,1589692603
343,Mahébourg,-20.41,57.7,24.0,83,40,3.1,MU,1589692067
344,Zhalantun,48.0,122.72,19.87,33,100,10.49,CN,1589692615
345,Linxia Chengguanzhen,35.6,103.21,23.98,20,0,2.21,CN,1589692142
346,Bama,11.52,13.69,28.22,48,40,3.88,NG,1589692615
347,Ambovombe,-25.17,46.08,19.99,67,10,5.15,MG,1589692615
348,Pāli,25.77,73.33,38.0,14,24,3.38,IN,1589692615
349,Isangel,-19.55,169.27,25.0,61,68,5.1,VU,1589692120
350,Berbera,10.44,45.01,33.1,56,2,1.48,SO,1589692616
351,Katobu,-4.94,122.53,28.43,86,58,3.75,ID,1589692616
352,Rødbyhavn,54.65,11.35,10.0,79,61,2.24,DK,1589692564
353,Lavras,-21.25,-45.0,14.39,94,17,1.07,BR,1589692616
354,Meulaboh,4.14,96.13,24.32,94,100,2.92,ID,1589692158
355,Mahibadhoo,3.78,72.97,29.53,78,86,8.87,MV,1589692617
356,Bennington,42.88,-73.2,14.0,66,20,1.52,US,1589692617
357,São Luiz Gonzaga,-28.41,-54.96,10.89,78,0,1.44,BR,1589692618
358,Fort Nelson,58.81,-122.7,7.0,70,90,6.2,CA,1589692103
359,Myaundzha,63.05,147.19,3.35,73,53,1.98,RU,1589692618
360,Comodoro Rivadavia,-45.87,-67.5,13.0,50,51,12.3,AR,1589692155
361,Pleasanton,37.66,-121.87,18.33,67,1,4.6,US,1589692350
362,Henties Bay,-22.12,14.28,20.35,41,0,2.77,NA,1589692129
363,White Rock,49.02,-122.8,14.44,94,100,0.45,CA,1589692619
364,Raudeberg,61.99,5.14,5.0,93,100,7.45,NO,1589692619
365,Todos Santos,23.45,-110.22,16.67,87,0,1.79,MX,1589692619
367,Baijiantan,45.63,85.18,27.61,29,100,3.53,CN,1589692620
368,Ōdachō-ōda,35.18,132.5,20.0,77,75,2.6,JP,1589692620
369,Labuhan,-6.88,112.21,30.9,66,3,1.58,ID,1589692169
370,Pandan Niog,6.23,120.56,29.5,71,70,1.24,PH,1589692620
371,Roald,62.58,6.13,5.0,86,100,8.2,NO,1589692085
372,Berlevåg,70.86,29.09,0.63,95,100,2.27,NO,1589692146
373,Uyskoye,54.38,60.0,9.69,62,100,3.19,RU,1589692621
374,Matam,15.62,-13.33,28.84,17,0,4.05,SN,1589692621
375,Lata,40.16,-8.33,15.0,93,0,0.5,PT,1589692621
376,Basco,20.45,121.97,28.22,79,5,7.7,PH,1589692621
377,Mount Isa,-20.73,139.5,28.0,21,0,4.6,AU,1589692176
378,Zapolyarnyy,69.42,30.81,1.0,98,98,1.5,RU,1589692622
379,Sakaiminato,35.55,133.23,20.0,82,75,3.6,JP,1589692622
380,Divnomorskoye,44.5,38.14,14.43,61,13,2.09,RU,1589692623
381,Prince Rupert,54.32,-130.32,14.0,67,90,1.0,CA,1589692097
382,Aswān,24.09,32.91,30.36,31,0,1.98,EG,1589692623
383,Harper,4.38,-7.72,26.35,86,53,2.57,LR,1589692623
385,Buala,-8.14,159.59,29.6,72,57,2.28,SB,1589692116
386,Burē,10.7,37.07,14.89,83,100,3.17,ET,1589692624
387,Nishihara,26.18,127.76,30.0,70,75,6.2,JP,1589692624
388,Carnarvon,-24.87,113.63,28.35,19,58,0.22,AU,1589692070
390,Jardim,-21.48,-56.14,12.57,66,0,1.19,BR,1589692467
391,Abu Kamal,34.45,40.92,32.32,21,0,3.01,SY,1589692625
392,Taltal,-25.4,-70.48,14.74,78,49,2.6,CL,1589692143
393,Saint-Louis,16.33,-15.0,25.97,23,0,4.8,SN,1589692625
394,Half Moon Bay,37.46,-122.43,19.0,93,90,4.1,US,1589692013
395,Ca Mau,9.18,105.15,36.25,39,100,0.93,VN,1589692626
396,Kuching,1.55,110.33,32.0,70,40,1.0,MY,1589692626
397,Seoul,37.57,126.98,23.0,72,75,1.5,KR,1589692448
398,Belmonte,-15.86,-38.88,23.0,94,90,3.1,BR,1589692098
399,Rawson,-43.3,-65.1,12.93,46,64,7.17,AR,1589692150
400,Evensk,61.95,159.23,6.7,60,0,6.9,RU,1589692628
401,Acaraú,-2.89,-40.12,24.66,91,100,3.06,BR,1589692166
403,Kiunga,-6.12,141.29,31.74,63,74,1.96,PG,1589692628
404,Daru,-9.08,143.21,26.83,85,97,8.16,PG,1589692628
405,Muisne,0.6,-80.03,25.6,88,100,3.25,EC,1589692629
406,Bahía Honda,22.9,-83.16,24.71,86,6,1.76,CU,1589692629
407,Raton,36.9,-104.44,14.0,58,90,7.2,US,1589692568
408,Yārāda,17.65,83.27,33.0,63,75,1.0,IN,1589692184
409,Senador Pompeu,-5.59,-39.37,22.19,96,100,0.81,BR,1589692630
410,Kibre Mengist,5.88,38.98,16.83,94,61,0.75,ET,1589692630
411,Otane,-39.88,176.63,12.22,88,78,1.07,NZ,1589692630
412,Qasigiannguit,68.82,-51.19,4.0,41,0,7.7,GL,1589692630
413,Severo-Kuril'sk,50.68,156.12,1.98,92,100,7.33,RU,1589692105
414,Yomou,7.56,-9.27,22.87,98,100,0.87,GN,1589692631
415,Emirdağ,39.02,31.15,23.11,32,64,0.27,TR,1589692632
416,Serebryansk,49.69,83.29,22.0,60,94,2.0,KZ,1589692632
417,Luebo,-5.35,21.42,21.12,87,43,0.3,CD,1589692632
418,Changchun,43.88,125.32,24.44,87,75,4.0,CN,1589692632
419,Varkala,8.73,76.71,29.0,83,75,2.1,IN,1589692633
420,Boulder City,35.98,-114.83,30.0,17,1,6.05,US,1589692561
421,Emerald,-23.53,148.17,27.0,36,75,3.6,AU,1589692633
422,Poltavka,54.37,71.76,23.08,38,30,4.02,RU,1589692633
423,Canatlán,24.52,-104.78,18.33,49,1,3.58,MX,1589692633
424,Laguna,38.42,-121.42,19.0,59,1,3.6,US,1589691963
425,Hambantota,6.12,81.12,30.96,70,93,10.44,LK,1589692076
426,Victor Harbor,-35.57,138.62,16.67,75,0,0.45,AU,1589692188
427,Hanmer Springs,-42.52,172.82,9.08,72,0,0.72,NZ,1589692634
428,Troitskoye,52.98,84.68,22.09,48,18,2.02,RU,1589692634
429,Vanimo,-2.67,141.3,30.39,66,90,4.47,PG,1589692094
430,Mattru,7.62,-11.83,24.84,96,92,0.28,SL,1589692132
431,Nara,34.69,135.8,28.89,61,75,1.5,JP,1589692635
432,Pingliang,35.54,106.69,29.0,14,0,6.13,CN,1589692635
433,Torbat-e Jām,35.24,60.62,22.16,24,0,2.22,IR,1589692635
434,Banda Aceh,5.56,95.32,27.63,80,100,5.07,ID,1589692635
435,Acapulco de Juárez,16.86,-99.89,26.13,66,75,1.9,MX,1589692636
436,Nguru,12.88,10.45,27.67,51,25,3.57,NG,1589692636
437,Rincon,32.3,-81.24,22.0,83,1,2.6,US,1589692465
438,Sørland,67.67,12.69,4.53,71,43,6.38,NO,1589692102
439,Aktau,43.65,51.2,16.0,82,75,8.0,KZ,1589692636
440,Province of Mantua,45.17,10.78,15.56,95,95,0.95,IT,1589692637
441,Markivka,49.52,39.57,12.24,77,11,4.55,UA,1589692637
442,Barcelos,41.54,-8.62,16.0,72,0,4.6,PT,1589691927
443,Nioki,-2.72,17.68,21.99,91,29,1.11,CD,1589692637
445,Dongying,37.46,118.49,25.1,22,0,6.14,CN,1589692638
446,Kutum,14.2,24.67,24.78,17,44,1.71,SD,1589692638
447,Digby,44.62,-65.77,3.89,92,1,3.38,CA,1589692639
448,Sola,-13.88,167.55,26.71,86,99,7.78,VU,1589692125
449,Saint-Joseph,-21.37,55.62,26.0,65,31,2.1,RE,1589692639
450,Turan,16.07,108.22,33.0,63,20,3.6,VN,1589692445
451,Kristinestad,62.27,21.38,4.28,70,67,1.55,FI,1589692640
452,Catia La Mar,10.6,-67.03,22.78,68,99,1.0,VE,1589692640
453,Crotone,39.09,17.12,19.83,63,88,1.03,IT,1589692640
454,Nuuk,64.18,-51.72,0.0,89,54,1.5,GL,1589692550
455,Flinders,-34.58,150.86,19.44,67,31,0.89,AU,1589692123
456,Baykit,61.67,96.37,10.66,51,93,3.5,RU,1589692065
457,Broken Hill,-31.95,141.43,20.0,40,40,6.2,AU,1589692188
458,Güstrow,53.8,12.17,7.0,87,40,3.1,DE,1589692641
459,Kuril'sk,45.23,147.88,4.18,92,99,5.2,RU,1589692187
460,Kaeo,-35.1,173.78,15.56,3,87,1.34,NZ,1589692642
461,Bilma,18.69,12.92,27.05,13,0,5.57,NE,1589692642
462,Matiguás,12.84,-85.46,25.13,82,74,1.63,NI,1589692642
463,Taksimo,56.34,114.88,6.3,87,100,1.71,RU,1589692642
464,Ledyard Center,41.44,-72.01,11.0,87,1,4.1,US,1589692643
465,Camaná,-16.62,-72.71,18.06,72,92,2.35,PE,1589692643
466,Ust-Nera,64.57,143.2,8.04,53,81,3.0,RU,1589692643
467,Maketu,-37.77,176.45,16.67,57,4,3.19,NZ,1589692643
468,Recco,44.36,9.14,16.67,65,79,1.34,IT,1589692643
469,Cravo Norte,6.3,-70.2,25.11,86,31,1.75,CO,1589692644
470,Arroyo de la Encomienda,41.61,-4.8,5.0,86,0,3.1,ES,1589692644
471,Lamu,-2.27,40.9,27.27,77,68,7.18,KE,1589692089
472,Kasterlee,51.24,4.97,6.11,99,8,1.58,BE,1589692644
473,Pringsewu,-5.36,104.97,31.69,61,15,2.51,ID,1589692644
474,Cairns,-16.92,145.77,27.0,54,40,6.2,AU,1589692431
475,Porbandar,21.64,69.61,31.7,52,0,7.9,IN,1589692645
476,Kirakira,-10.45,161.92,29.24,75,90,3.23,SB,1589692123
477,Béboto,8.27,16.94,26.08,67,63,1.87,TD,1589692645
478,Salinópolis,-0.61,-47.36,24.99,85,93,1.28,BR,1589692645
479,Marathon,44.9,-89.77,11.11,62,1,3.1,US,1589692646
480,Ambilobe,-13.2,49.05,26.5,71,10,1.26,MG,1589692145
481,Bandar-e Lengeh,26.56,54.88,31.0,70,0,4.1,IR,1589692646
482,Yeppoon,-23.13,150.73,26.0,50,40,5.7,AU,1589692646
483,Vaitape,-16.52,-151.75,28.28,71,73,1.97,PF,1589692646
484,Adrar,20.5,-10.07,22.05,22,0,4.27,MR,1589692160
485,Kokhma,56.93,41.09,9.18,76,76,5.22,RU,1589692647
486,Sampit,-2.53,112.95,29.75,85,88,1.86,ID,1589692647
487,Lucapa,-8.42,20.74,18.53,77,35,1.53,AO,1589692648
489,Paka,4.64,103.44,33.0,70,20,2.1,MY,1589692648
490,Torbay,47.67,-52.73,1.67,99,90,6.7,CA,1589691913
491,Katherine,-14.47,132.27,33.0,27,94,8.2,AU,1589692648
492,Kerema,-7.96,145.78,28.28,78,30,3.41,PG,1589692649
493,Semey,50.41,80.23,25.0,38,60,3.0,KZ,1589692649
494,Sigayevo,56.42,53.78,12.22,49,96,1.79,RU,1589692649
495,Lovozero,68.0,35.01,-1.21,98,93,1.35,RU,1589692649
496,Port Blair,11.67,92.75,27.92,82,99,5.39,IN,1589692036
497,Saint-Pierre,-21.34,55.48,26.0,65,49,2.1,RE,1589692650
498,Morón de la Frontera,37.12,-5.45,10.0,93,0,1.0,ES,1589692650
500,Mossamedes,-15.2,12.15,24.85,48,0,1.6,AO,1589692109
501,Mount Gambier,-37.83,140.77,17.0,42,7,3.6,AU,1589692650
502,Mauguio,43.62,4.01,16.0,72,100,2.6,FR,1589692651
503,Maloma,15.11,120.06,32.0,66,20,5.7,PH,1589692651
504,Bandarbeyla,9.49,50.81,31.1,61,1,9.64,SO,1589692651
505,Ayan,56.45,138.17,2.25,85,75,4.07,RU,1589692651
506,Sun City,33.6,-112.27,28.0,20,1,4.28,US,1589692651
507,Caucayá,-0.19,-74.78,21.62,98,79,0.54,CO,1589692651
508,Tomatlán,19.93,-105.25,19.74,75,60,0.59,MX,1589692652
509,Prince Albert,53.2,-105.77,18.0,39,40,6.7,CA,1589692652
510,Grand Forks,47.93,-97.03,13.0,54,1,3.6,US,1589692539
511,Emba,48.83,58.14,11.79,92,100,3.01,KZ,1589692652
512,Luoyang,34.68,112.45,33.35,14,0,3.55,CN,1589692653
513,Krasnyy Oktyabr',56.12,38.88,9.28,71,54,4.92,RU,1589692653
514,Sanāwad,22.18,76.07,41.21,11,2,4.29,IN,1589692653
515,Port-Gentil,-0.72,8.78,27.54,84,83,2.66,GA,1589692171
516,Marmari,38.05,24.32,26.67,49,80,0.5,GR,1589692654
517,Deputatsky,69.3,139.9,0.26,96,97,3.48,RU,1589692117
518,Kamenka,51.32,42.77,12.78,66,0,2.24,RU,1589692654
519,Calbe,51.9,11.77,11.11,67,61,1.79,DE,1589692654
520,Novobirilyussy,56.95,90.67,20.08,39,77,4.86,RU,1589692654
521,San Jose,37.34,-121.89,19.44,52,75,4.1,US,1589692437
522,Bulgan,48.81,103.53,14.07,33,44,0.97,MN,1589692655
523,Huilong,31.81,121.66,30.0,68,62,4.78,CN,1589692655
524,Bonanza,14.03,-84.59,22.65,97,50,0.53,NI,1589692655
525,Cuxhaven,53.87,8.69,8.89,87,40,3.6,DE,1589692655
526,Coyhaique,-45.58,-72.07,6.0,87,40,1.0,CL,1589692656
527,San Quintín,30.48,-115.95,17.58,81,0,2.51,MX,1589692656
528,Lokosovo,61.13,74.82,14.87,64,85,3.21,RU,1589692656
530,Galle,6.04,80.22,29.39,82,96,8.02,LK,1589692601
531,Lethem,3.38,-59.8,25.13,84,78,4.28,GY,1589692657
532,Lālmohan,22.34,90.74,32.32,62,45,5.53,BD,1589692657
533,Playas,-2.63,-80.38,23.8,81,8,3.36,EC,1589692657
534,Alice Springs,-23.7,133.88,21.0,23,0,4.6,AU,1589692657
535,Stilfontein,-26.84,26.77,9.05,47,0,3.76,ZA,1589692657
536,Port Hardy,50.7,-127.42,12.0,87,75,6.7,CA,1589691983
537,Cuamba,-14.8,36.54,14.92,80,0,1.19,MZ,1589692658
538,Kilindoni,-7.91,39.67,25.8,81,16,10.21,TZ,1589692658
539,Olafsvik,64.89,-23.71,3.72,76,43,8.35,IS,1589692658
540,Tekeli,44.83,78.82,15.41,65,100,1.63,KZ,1589692658
541,Marquette,46.53,-87.63,7.22,78,100,0.45,US,1589692659
542,Coromandel,-18.47,-47.2,15.16,97,85,1.28,BR,1589692502
543,Sfântu Gheorghe,45.87,25.78,16.67,78,68,1.35,RO,1589692659
544,Yining,29.04,114.56,33.49,41,75,0.72,CN,1589692659
545,Lerwick,60.15,-1.15,7.0,70,100,8.2,GB,1589692626
546,Morón,-34.65,-58.62,18.33,69,27,0.45,AR,1589691911
547,La Asuncion,11.03,-63.86,32.0,70,60,6.7,VE,1589692169
548,Codajás,-3.84,-62.06,23.21,98,89,0.3,BR,1589692660
549,Vardø,70.37,31.11,0.62,94,100,0.64,NO,1589692067
551,Trelew,-43.25,-65.31,12.55,42,42,7.29,AR,1589691949
552,Carutapera,-1.2,-46.02,23.72,93,81,0.56,BR,1589692661
553,Am Timan,11.03,20.28,26.74,56,9,1.42,TD,1589692661
554,Kidderminster,52.39,-2.25,10.56,74,44,1.56,GB,1589692661
555,Maxixe,-23.86,35.35,17.0,93,20,2.84,MZ,1589692661
556,Sal Rei,16.18,-22.92,21.0,77,20,7.2,CV,1589692662
557,Mórrope,-6.54,-80.01,19.89,80,0,5.35,PE,1589692662
558,Matagami,49.75,-77.63,2.0,93,90,1.5,CA,1589692649
559,Muş Province,39.0,41.75,18.0,59,25,1.0,TR,1589692662
560,Port Augusta,-32.5,137.77,21.11,45,0,3.1,AU,1589692663
561,Agadez,19.75,10.25,24.26,16,0,1.46,NE,1589692663
562,Rørvik,64.86,11.24,3.89,75,94,4.76,NO,1589692663
563,Petropavlovsk-Kamchatskiy,53.05,158.65,9.0,76,20,5.0,RU,1589692159
